1559652793 27
1559652794 42
1559652795 42
1559652796 42
1559652797 45
1559652798 45
1559652799 45
1559652800 42
1559652802 45
1559652803 42
1559652804 45
1559652805 42
1559652806 45
1559652807 42
1559652808 42
1559652809 45
1559652810 42
1559652811 42
1559652812 42
1559652813 42
1559652814 45
1559652815 42
1559652816 42
1559652817 45
1559652818 42
1559652820 45
1559652821 42
1559652822 42
1559652823 42
1559652824 42
1559652825 42
1559652826 42
1559652827 42
1559652828 42
1559652829 42
1559652830 42
1559652831 42
1559652832 42
1559652833 42
1559652834 45
1559652835 42
1559652836 40
1559652837 40
1559652839 40
1559652840 38
1559652841 40
1559652842 38
1559652843 40
1559652844 40
1559652845 38
1559652846 40
1559652847 38
1559652848 40
1559652849 38
1559652850 36
1559652851 36
1559652852 36
1559652853 38
1559652854 36
1559652856 36
1559652857 38
1559652858 36
1559652859 36
1559652860 36
1559652861 33
1559652862 36
1559652863 36
1559652864 36
1559652865 36
1559652866 36
1559652867 42
1559652868 40
1559652869 42
1559652870 40
1559652871 40
1559652872 40
1559652873 38
1559652875 40
1559652876 40
1559652877 40
1559652878 40
1559652879 40
1559652880 40
1559652881 38
1559652882 40
1559652883 42
1559652884 42
1559652885 42
1559652886 42
1559652887 38
1559652888 38
1559652889 38
1559652890 36
1559652892 38
1559652893 40
1559652894 40
1559652895 40
1559652896 40
1559652897 38
1559652898 36
1559652899 36
1559652900 38
1559652901 36
1559652902 40
1559652903 42
1559652904 40
1559652905 40
1559652906 40
1559652907 42
1559652909 40
1559652910 31
1559652911 6
