1567459264 13
1567459265 15
1567459266 15
1567459267 18
1567459268 15
1567459269 18
1567459270 18
1567459271 15
1567459272 18
1567459273 18
1567459274 18
1567459275 18
1567459277 18
1567459278 18
1567459279 15
1567459280 18
1567459281 18
1567459282 15
1567459283 15
1567459284 15
1567459285 15
1567459286 18
1567459287 18
1567459288 4
