1555763685 15
1555763686 22
1555763687 22
1555763688 22
1555763689 20
1555763690 22
1555763691 22
1555763692 22
1555763693 22
1555763695 22
1555763696 22
1555763697 22
1555763698 20
1555763699 20
1555763700 22
1555763701 22
1555763702 24
1555763703 24
1555763704 24
1555763705 24
1555763706 24
1555763707 27
1555763708 31
1555763709 31
1555763710 29
1555763712 31
1555763713 29
1555763714 29
1555763715 29
1555763716 29
1555763717 6
