1560494432 9
1560494433 40
1560494434 42
1560494435 45
1560494436 45
1560494437 42
1560494438 42
1560494439 45
1560494441 42
1560494442 45
1560494443 45
1560494444 42
1560494445 45
1560494446 45
1560494447 45
1560494448 45
1560494449 45
1560494450 45
1560494451 45
1560494452 47
1560494453 45
1560494454 45
1560494455 45
1560494456 47
1560494457 45
1560494458 45
1560494460 45
1560494461 45
1560494462 45
1560494463 45
1560494464 45
1560494465 45
1560494466 45
1560494467 45
1560494468 45
1560494469 45
1560494470 45
1560494471 45
1560494472 45
1560494473 42
1560494474 45
1560494475 45
1560494477 45
1560494478 47
1560494479 45
1560494480 47
1560494481 45
1560494482 47
1560494483 49
1560494484 78
1560494485 78
1560494486 78
1560494487 76
1560494488 76
1560494489 76
1560494490 76
1560494491 78
1560494492 78
1560494493 78
1560494495 76
1560494496 63
1560494497 65
1560494498 65
1560494499 63
1560494500 63
1560494501 63
1560494502 63
1560494503 63
1560494504 65
1560494505 63
1560494506 65
1560494507 65
1560494508 20
