1551184544 4
1551184545 24
1551184546 24
1551184547 24
1551184548 27
1551184549 27
1551184550 27
1551184551 29
1551184552 29
1551184553 31
1551184554 31
1551184556 29
1551184557 31
1551184558 29
1551184559 15
